№,Название,тело кейса
1,Газпромнефть,"## С чем пришел клиент
Клиент хотел создать комфортную эффективную рабочую среду для коммерческого персонала, а именно: провести глубокую аналитику, организовать и модерировать стратегические сессии, в рамках которых HR-команда сможет результативно работать над обновлением инструментов и построением целостной экосистемы, объединяющей потребности сотрудников и стратегические цели компании.

Особое внимание требовалось уделить анализу текущего состояния рабочих процессов, определению проблемных зон 30+ внутренних продуктов и разработке решений, которые устранят существующие ограничения и создадут основу для развития коммерческого блока.

Клиенту было важно, чтобы новые решения:

- Повышали операционную эффективность коммерческих команд;
- Улучшали качество работы и вовлеченность сотрудников;
- Полностью соответствовали стратегическим приоритетам компании;
- Обеспечивали плавную интеграцию с существующими бизнес-процессами.

Это требовало глубокого понимания текущих рабочих процессов коммерческих подразделений и долгосрочных целей развития бизнеса.

С учетом масштаба задач мы предложили реализовать двухэтапный проект с вовлечением более 40 участников из 4 ключевых подразделений компании. Такой подход позволил на первом этапе провести всестороннюю диагностику, а на втором — разработать и внедрить комплексные решения.

Вовлечение сотрудников из разных подразделений позволило учесть все аспекты работы коммерческого блока и создать удобное решение для всех.

## Выбор формата работы
Для выполнения задач мы использовали глубокий анализ обратной связи. Поверхностные опросы часто фиксируют лишь следствия, например, что «инструмент неудобный». Нас же интересовали причины: какие конкретно действия занимают лишнее время, где возникают ошибки, какие обходные пути создают сотрудники.

Глубокий анализ, в отличие от стандартных анкетирований, предполагает многоуровневое изучение рабочих практик через сочетание разных исследовательских методик.

Основа анализа — серии интервью с сотрудниками. Эти беседы строятся по специально разработанному сценарию с фокусом на рабочих ситуациях, детальном описании последовательности действий при выполнении типовых задач и эмоциональных реакциях в проблемных моментах. Такой подход позволяет выйти за рамки поверхностных жалоб и понять причины неэффективности.

Ключевые принципы анализа — использование открытых вопросов, фиксация невербальных реакций, перекрестная проверка данных разными методами и обеспечение анонимности при обсуждении чувствительных тем.

Для более глубокого понимания рабочих процессов мы использовали анализ экосистемы вокруг сотрудников. Этот подход помог выявить неочевидные проблемы, которые обычно остаются за рамками стандартных исследований. Мы изучили, как команды фактически взаимодействуют с инструментами и коллегами, какие неформальные решения используют в повседневной работе.

В результате такого исследования компания получила комплексную картину рабочих процессов, понимание причин неэффективности и объективный рейтинг проблем по их реальному влиянию на бизнес-результаты.

ЦИТАТА — уточнить у Макса, как это разметить для переноса? или руками?
Важно было найти баланс между операционными нуждами сотрудников и стратегическими целями бизнеса. Мы сознательно выбрали комплексный подход, чтобы изменения были системными, а не поверхностными.  
Алексей Еремин  
Эксперт по цифровым платформам, архитектор бизнес-экосистем, основатель Rocketmind

## Как проходило исследование
**Этап 1. Сбор обратной связи**  
Мы провели интервью с коммерческим персоналом разных уровней, проанализировали каналы обратной связи от сотрудников, выявили ключевые болевые точки в текущих процессах.

**Этап 2. Анализ бизнес-контекста**  
Затем тщательно проанализировали актуальные бизнес-задачи и долгосрочные планы компании, чтобы наши новые инициативы соответствовали операционным нуждам персонала и стратегическим ориентирам организации.

Мы уделили внимание синхронизации предлагаемых изменений с корпоративной стратегией. Это позволило добиться двойного эффекта — повышения удовлетворенности сотрудников при одновременном укреплении конкурентных позиций компании.

**Этап 3. Описание экосистемы**  
Мы провели комплексный анализ 11 вертикалей экосистемы, тщательно изучили все элементы, в которых они функционируют.

Это дало нам четкое понимание, какие именно аспекты системы требуют модернизации существующих функций, устранения дублирующих операций, введения дополнительных возможностей.

Инсайты, которые мы получили, стали основой для разработки адресных улучшений по устранению проблем и созданию новых рабочих инструментов для персонала.

**Этап 4. Разработка решений**  
На основании анализа мы сформировали пакет системных изменений, которые обеспечивали двусторонний эффект: для коммерческих команд и для продукта.

ЦИТАТА — уточнить у Макса, как это разметить для переноса? или руками?
Ключевым моментом стало глубокое погружение в рабочие процессы коммерческих команд. Мы не ограничились анкетированием, а детально изучили каждый этап работы. Это позволило выявить неочевидные, но критически важные узкие места в существующей системе.  
Алексей Еремин  
Эксперт по цифровым платформам, архитектор бизнес-экосистем, основатель Rocketmind

## Результаты исследования
В результате сотрудничества с Rocketmind коммерческая команда получила не просто набор инструментов, а полноценную систему, которая облегчает ежедневную работу, повышает продуктивность и заметно укрепляет вовлеченность сотрудников.

Мы создали решения, которые позволяют бизнесу управлять сложными процессами в единой логике:

- Карта сканирования экосистемы помогает видеть всю бизнес-среду целиком и понимать взаимосвязи между её элементами.
- Канвас ценностного предложения четко фиксирует, за что клиенты выбирают продукт и как усиливать конкурентные преимущества.
- Карта слаженности команды выявляет качество взаимодействия между отделами и помогает устранять барьеры.
- Карта культуры показывает, какие ценности и нормы реально живут в компании, и как они влияют на результат. За счет этого удалось устранить узкие места в текущих продуктах, повысить их удобство и заложить основу для будущего роста.
- Система сбалансированных показателей дает руководству прозрачный контроль эффективности и возможность быстро корректировать курс.

Ключевая ценность Rocketmind — интеграция всех инструментов в единую управленческую систему, которая помогает компаниям принимать стратегические решения быстрее, точнее и с опорой на данные.

ЦИТАТА — уточнить у Макса, как это разметить для переноса? или руками?
Главный вывод проекта — настоящие изменения начинаются не с технологий, а с глубокого понимания рабочих процессов и потребностей, целей, мотивации и болей сотрудников.  
Алексей Еремин  
Эксперт по цифровым платформам, архитектор бизнес-экосистем, основатель Rocketmind"
2,Росатом,"##С чем пришел клиент и почему понадобился пересмотр продуктового портфеля

Крупная компания развивает новые направления на базе основного продукта. Была поставлена задача обеспечить загрузку новых производственных мощностей с учётом государственных обязательств.
Команда долгое время фокусировалась на развитии продуктовых характеристик. Но такой подход ограничивал возможности и не раскрывал потенциал каждого направления. Это затрудняло поиск новых ниш.

Основной запрос компании заключался в том, чтобы:

- Выйти за рамки привычного мышления, перестать воспринимать направления просто как набор функций;

- Сместить фокус на ценностное предложение — понять, какие реальные потребности клиентов закрывает каждый продукт;

- Научиться мыслить категориями пользы для пользователя, а не только техническими или продуктовыми метриками.

Поэтому перед командой стояли задачи пересмотреть портфель с фокусом на перспективные рынки, сгенерировать гипотезы для тестирования и перевести команду от «продуктового» к клиентоцентричному мышлению.
В проекте приняли участие 50 специалистов из четырёх регионов мира. Работа велась на двух языках.

ЦИТАТА

Нам было критично выйти за рамки привычных решений. Например, не просто производить компоненты для электромобильной отрасли, а думать, как наши технологии решают проблемы логистики и энергоэффективности.
КОММЕНТАРИЙ КЛИЕНТА

##Выбор формата работы

Перед началом работы нужно было выбрать оптимальный подход для решения задач. После анализа возможных вариантов остановились на стратегических сессиях — интенсивных рабочих встречах, где ключевые участники компании совместно прорабатывают вопросы.

Этот формат подошёл, потому что он:

- Экономит время — позволяет за 1–2 дня проработать вопросы, на которые в обычном режиме ушли бы недели;

- Обеспечивает вовлечённость — команда не просто получает готовые решения, а активно участвует в их создании;

- Стимулирует креативность — групповой формат помогает выйти за рамки привычного мышления;

- Даёт измеримый результат — на выходе получаются не абстрактные идеи, а конкретные гипотезы и план действий.

Для повышения эффективности сессий использовались два ключевых инструмента.

Фреймворки — готовые методики, которые задают структуру обсуждения и помогают избежать хаотичных дискуссий, сосредоточившись на главном.

Канвасы — визуальные шаблоны, в которых удобно фиксировать и анализировать информацию. Их преимущества:

- Наглядность — вся информация перед глазами в структурированном виде;

- Системность — ничего не упускается из виду;

- Скорость — вместо многочасовых обсуждений быстрая фиксация идей;

- Совместность — все участники вовлекаются в процесс заполнения;

- Практичность — результат готов к использованию сразу после сессии.

##Стратегическая сессия: от подготовки к результатам

Перед началом стратегической сессии мы провели подготовительную работу. Каждое направление деятельности компании тщательно проанализировали с привлечением ключевых сотрудников. Участники заранее изучили рыночные тренды, ограничения и стратегические ориентиры по своим направлениям. Особое внимание уделили пониманию текущих бизнес-вызовов и стратегических целей компании.

Вместе с руководством компании мы разработали четкий корпоративный образ — своеобразный компас, который помогал оценивать новые идеи на соответствие стратегии компании. Этот этап был критически важен, так как задавал общее направление для всей последующей работы.

Сама стратегическая сессия проходила в два дня. Мы детально разобрали каждое бизнес-направление, рассматривали его через призму рыночных возможностей и потенциальных угроз. В процессе активной работы участники генерировали множество «сырых» гипотез, которые затем отфильтровали через призму корпоративного образа и заранее определенных критериев.

Как это работало на практике:

- Каждая рабочая группа заполняла канвасы в режиме реального времени;
- Заполненные шаблоны сразу визуализировались и обсуждались всеми участниками;
- Канвасы служили «живыми документами», которые постоянно дополнялись и уточнялись;
- В результате канвасы стали готовыми рабочими материалами для реализации планов.

Использование канвасов превратило стратегическую сессию из традиционного мозгового штурма в эффективный рабочий процесс с конкретными измеримыми результатами.

Каждая перспективная идея проходила двойную проверку: сначала через фреймворк, затем через создание чернового варианта бизнес-модели. Такой подход позволил объективно оценить потенциал каждой инициативы и принять взвешенные решения о дальнейшем тестировании.

ЦИТАТА

Раньше мы теряли время на бесконечные совещания. Канвасы дали структуру: визуализировали спорные моменты и ускорили принятие решений.
КОММЕНТАРИЙ КЛИЕНТА

##Результаты: от гипотез к действиям

В результате двухдневной интенсивной работы мы получили 20+ бизнес-инициатив по восьми продуктовым направлениям для дальнейшей проработки. По отобранным гипотезам разработали предварительные бизнес-модели с оценкой потенциала и рисков.

Участники научились оценивать риски, мыслить стратегически, не бояться выдвигать идеи. Сотрудники из разных подразделений смогли выработать общее видение и получили мотивацию для дальнейшей реализации намеченных планов.

ЦИТАТА

Главный итог — мы перестали мыслить категориями «продуктового каталога». Теперь видим цепочку: запрос клиента → наше решение → эффект для бизнеса. Это меняет подход к планированию.
КОММЕНТАРИЙ КЛИЕНТА

##Ценность опыта для других промышленных компаний

Мы на практике проверили способ, который помогает промышленным предприятиям развиваться. Вот в чём ценность подхода:

Рабочий инструмент, а не теория
Проверенная методика, которая помогает находить новые направления бизнеса и грамотно распределять ресурсы. Используем простые и наглядные инструменты, например, канвасы.
Для реального производства
Работа велась с учётом специфики промышленных предприятий — длинные циклы производства, необходимость загрузки мощностей, работа с госзаказом. Все решения привязаны к реальным возможностям предприятия.
Быстрые результаты
За 2−3 дня получаем готовый план действий. Можно сразу начинать тестировать первые гипотезы.
ИТОГ
Был разработан портфель бизнес-инициатив и дорожная карта развития экосистемы компании до 2027 года.

ЦИТАТА

После сессии с RocketMind мы продолжаем использовать фреймворки для оценки новых идей.
КОММЕНТАРИЙ КЛИЕНТА"
3,Энко,"##С чем пришел клиент, и зачем ему нужна экосистемная стратегия

Компания не ограничивалась лишь строительством и продажей недвижимости, параллельно развивая различные сервисы. На определённом этапе зрелости стало ясно, что существующие сервисы требуют комплексного подхода: пришло время перейти от набора разрозненных услуг к взаимосвязанной системе решений, которая максимально удовлетворит потребности жителей.

У девелопера есть мобильное приложение управляющей компании, но оно охватывает лишь этап проживания. Двигаясь в сторону экосистемного подхода, застройщик пришёл к выводу, что нужна единая платформа, своего рода суперапп, который охватит весь клиентский путь. В рамках одного удобного приложения клиент сможет изучить продукт, вести коммуникацию с компанией, избегая множества звонков и переписок в различных чатах.

И для внедрения такого комплексного подхода нужна экосистемная стратегия.

Изначально компания пыталась самостоятельно разработать её, но столкнулась с рядом сложностей. Оказалось, внутри команды нет единого понимания, что такое экосистема и чем она отличается от обычного набора сервисов. Также не хватало аналитических данных. Приняли решение привлечь нас.

Нашей задачей было — создать экосистемную стратегию, которая:

- обеспечит устойчивый рост компании;

- откроет новые источники дохода, помимо строительства;

- повысит лояльность клиентов и привлечёт новых.

Важно отметить, что разработка стратегии всегда предполагает глубокий процесс трансформации бизнеса и, в первую очередь, изменение мышления команды. Поэтому с самого начала сотрудничества мы делали акцент на том, что изменение внутренней культуры компании — сложный, но необходимый этап, который предстоит пройти для успешной реализации экосистемной стратегии.

ЦИТАТА
Преимущество создания стратегии очевидно — вырасти из региональной отраслевой компании в федеральную, занять место лидера отрасли со смежным набором рынков, используя цифровые продукты и решения.

Экосистемная стратегия для нас — это, в первую очередь, изменение мышления команды, а как осязаемый результат — создание платформы продуктов и сервисов, которые будут органично дополнять друг друга.

Дарья Р.
Директор экосистемы сервисов

##Как проходила работа над стратегией

###Сотрудничество с командой

Мы провели несколько воркшопов, чтобы вместе разобраться, как объединить все существующие сервисы и создать из них единую экосистему. На сессиях мы искали точки роста, обсуждали, как лучше связать процессы и повысить удобство для пользователей. Важно было преодолеть сопротивление изменениям внутри компании — постепенно традиционные подходы уступали место новым цифровым инструментам.

###Анализ и структурирование идей

Мы комплексно изучили драйверы, тренды и перспективы российского и мирового рынка, отобрали и детально проанализировали продуктовые портфели и стратегические приоритеты 12 компаний-конкурентов для лучшего понимания основных тенденций отрасли. Чтобы сделать эту работу, мы проанализировали данные из 500+ источников информации.

Вместе с командой застройщика определили целевые группы, чтобы изучить их проблемы, потребности и задачи в рамках анализа аудитории.

Разработали гайды и проинструктировали команду клиента по технике и особенностям глубинных интервью. После чего совместно провели более 30 бесед, из которых сформировали базу аудио- и текстовых артефактов и выявили информативные инсайты для разработки экосистемной стратегии компании.

Итогом комплексной аналитической работы стали структурированные отчёты — основательный информационный базис для дальнейшего стратегического планирования. Ориентируясь на него, команда клиента с нашей поддержкой заполняла канвасы и фреймворки, чтобы структурировать идеи и наметить ключевые направления.

###Документирование и обратная связь

Все рабочие материалы и инструкции по технике глубинных интервью остались у нашего клиента, чтобы команда могла оперировать ими дальше, в том числе самостоятельно проводить исследования ЦА. В процессе работы мы готовили презентации для руководства компании, чтобы на каждом этапе был чёткий фидбэк и понимание, куда движемся.

###ИТОГ

Был разработан портфель бизнес-инициатив и дорожная карта развития экосистемы компании до 2027 года.

ЦИТАТА
При создании стратегии мы с командой Rocketmind руководствовались несколькими ключевыми принципами:

- Поколениецентричность — решения должны учитывать ценности, привычки и ожидания разных поколений. Важно не просто соответствовать их потребностям, но и предвосхищать изменения в образе жизни и предпочтениях.

- Синергия партнёрств — установление и поддержание взаимовыгодных отношений с другими участниками рынка (поставщиками, подрядчиками и т. д.).

- Технологичность — внедрение современных технологий для оптимизации процессов и повышения качества услуг.

Дарья Р.
Директор экосистемы сервисов

##Как мы сформировали портфель бизнес-инициатив для клиента

Об этом этапе расскажем чуть подробнее:

- Провели анализ потребителей и рынка — команда Rocketmind изучила конкурентов, тренды, потребности клиентов.

- Определили направления работы — вместе с командой застройщика мы выделили ключевые сферы экосистемы: образование, транспорт, недвижимость, e-commerce и др.

- Разработали первые гипотезы — составили список задач клиентов и искали такие решения, которые не только их решают, но и приятно удивляют.

ЦИТАТА
Этот этап в работе, на мой взгляд, оказался самым насыщенным и результативным. Сформированный портфель бизнес-инициатив учитывает стратегические приоритеты компании, что позволит нам сосредоточиться на ключевых направлениях, не распыляться и эффективно распределять ресурсы.

Итогом стала действительно проработанная экосистемная стратегия — инструмент, который мы продолжаем использовать. Мы регулярно к нему возвращаемся, дорабатываем, адаптируем под изменения рынка. Это действительно фундамент, который останется с нами надолго.

Дарья Р.
Директор экосистемы сервисов

##Первые результаты внедрения

Хотя полное внедрение стратегии — процесс длительный, и дорожная карта расписана до 2027 года, уже были зафиксированы некоторые изменения:

- Команда получила чёткое понимание экосистемного подхода и стала активно применять его в работе.

- Создан департамент экосистемы сервисов, курирующий клиентский путь на всех этапах.

- Внедрён цифровой инструмент для автоматизации приёмки квартир и передачи ключей дольщикам. Теперь работает онлайн-запись на приёмку квартиры, фотофиксация замечаний на смартфон клиента или приёмщика, отправка документов подрядчику.

- Оптимизация работы. Сотрудники отмечают ускорение процессов и снижение нагрузки, а клиенты — удобство и простоту взаимодействия.

В будущем экосистемный подход позволит компании выйти за рамки строительства недвижимости и поможет создать единую платформу продуктов и услуг. Процесс изменения мышления в команде уже начался. Вышеперечисленные результаты это подтверждают. Мы уверены — трансформация команды будет продолжаться."
4,Газпромнефть (порт.услуг орг развит),"##Задача

К нам обратилась компания с запросом оказать поддержку в создании комплексного портфеля услуг по направлению организационного развития. В рамках проекта мы предоставили аналитические данные и организовали стратегические сессии, которые помогли заказчику разработать необходимый портфель продуктов.

Цель нашей работы — повысить эффективность внутренних процессов и работу ведущих сотрудников. Для этого нужно было структурировать актуальные данные по рыночным и бизнес-трендам в сфере организационного развития, чтобы создать информационный фундамент для поддержки заказчика в проектировании сервисов.

##Решение

Что мы сделали:

- Провели масштабное исследование актуальных трендов и вызовов в области организационного развития в корпорациях России и мира.

- Проанализировали более 90 источников, включая кейсы компаний из топливного сектора, банковского и финансового рынков, ритейла, производства, ИТ и телекоммуникаций.

- Выделили ключевые технологические, социально-экономические и культурные тенденции, а также вызовы, с которыми сталкиваются отделы организационного развития.

- Одновременно мы изучили рынок организационного консалтинга в России, рассмотрев деятельность 8 ведущих игроков и создав «тепловую карту» представленных услуг, что позволило оценить наличие и качество предложений.

- Все данные были систематизированы и использованы для подготовки рекомендаций по внутреннему позиционированию услуг в компании.

##Результат

Клиент получил:

1. Полную картину текущего состояния и трендов организационного развития в России и мире.

2. Детальный анализ лучших практик в разных отраслях с упором на функции организационного развития.

3. Выделенные векторы будущего развития, позволяющие компании оставаться лидером в управленческих трансформациях.

4. Обзор рынка консалтинговых услуг с тепловой картой и рекомендациями по внутреннему позиционированию сервисов.

5. Обширную аналитическую базу для проектирования и внедрения новых инструментов организационного развития.

Эти данные были использованы заказчиком для проведения внутренних стратегических сессий и выработки дальнейших управленческих решений."
5,Ростелеком,"##Задача

К нам обратилась федеральная компания с задачей найти новые идеи и улучшить существующие продукты.

Цель — приоритизировать продуктовые инициативы и сформировать ценностные предложения для клиентов.

##Решение

Мы провели комплексный дизайн-воркшоп, состоящий из нескольких этапов:

- Подготовка участников через онлайн-опрос для формирования базового понимания ситуации и определения ключевых вызовов.

- Обучение методикам проектирования ценностных предложений и генерации продуктовых идей.

- Анализ текущей отраслевой ситуации, включающий изучение проблем, конкурентных вызовов и возможностей.

- Исследование проблем и возможностей существующего продуктового портфеля с точки зрения пользовательского опыта.

- Совместное проектирование ценностных предложений на основании экспертного анализа и внутренних данных заказчика.

- Генерация и приоритизация продуктовых идей для модернизации текущих и создания новых продуктов, сервисов и моделей потребления.

- Презентация и защита и обсуждение разработанных командных идей.

Дополнительно в работе учитывались результаты маркетингового исследования и имеющиеся данные по выявленному спектру проблем.

##Результат

Команда получила:

- Набор идей и ценностных предложений для разработки новых и улучшения существующих продуктов.

- Визуальную модель внешнего контекста и потребительского окружения, которая стала основой для системной продуктовой работы.

- Чётко приоритизированные инициативы, которые позволят более эффективно направить ресурсы на развитие продуктов.

- Инструменты и инсайты для уточнения и адаптации продуктовой стратегии с учётом реальных потребностей и трендов рынка."
6,VK,"##Задача

Крупная цифровая медиа-платформа обратилась с задачей переосмыслить стратегию развития своей экосистемы.

Требовалось определить роли участников экосистемы, разработать сценарии роста, сформулировать ценностные предложения и обеспечить методологическую поддержку в ходе трансформации.

##Решение

В течение пяти месяцев эксперты сопровождали проект, предоставляя консультации и проводя воркшопы с использованием методологии бизнес-дизайна Platform Innovation Kit.

- Мы провели обучение команды заказчика инструментам экосистемного моделирования и платформенного дизайна.

- Организовали несколько стратегических сессий для согласования единой экосистемной стратегии и чёткого понимания ролей участников.

- Проработали гипотезы о ролях, сетевых эффектах и структуре платформенной ценности.

- Создали канвасы и карты развития, отражающие архитектуру экосистемной стратегии платформы.

##Результат

Клиент получил согласованную и методологически обоснованную экосистемную стратегию, которая включает:

- Архитектуру ролей и ключевых каналов взаимодействия внутри платформы.

- Стратегию привлечения и масштабирования участников экосистемы.

- Основные гипотезы и сценарии роста платформы.

- Визуальные модели и карты сервисов, которые служат базой для дальнейшего запуска и развития.

Эта стратегия стала основой для трансформации платформы в полноценный цифровой продукт с экосистемным мышлением и устойчивым конкурентным преимуществом."
7,Сбер (программа STEP),"##Задача

В рамках программы подготовки топ-менеджеров крупного финансового института возникла задача развития у участников платформенного и экосистемного мышления. Это важная основа для успешного стратегического управления, цифровой трансформации и запуска новых платформенных инициатив.

Требовалось интегрировать в образовательный трек прикладной модуль с современными инструментами и методами построения платформ и экосистем.

##Решение

Наша экспертная команда была приглашена провести очный воркшоп длительностью 6 академических часов в кампусе образовательного центра.

В рамках сессии были раскрыты:

- Три уровня экосистемного мышления и их применение в управлении продуктами и сервисами.

- Основы платформенной экономики, принципы построения сетевых эффектов и создание добавленной ценности.

- Методология Platform Innovation Kit (PIK) с демонстрацией практических инструментов и кейсов.

- Этапы поиска, проверки гипотез и запуска платформ.

- Практические навыки построения бизнес-модели платформы и картирования экосистемы.

Этот модуль был интегрирован в образовательный трек по цифровой трансформации для управления инновациями.

##Результат

Участники образовательной программы получили прикладные знания и инструменты для проектирования и развития платформенных бизнес-моделей и экосистем.

Обучение заложило основу для новых платформенных инициатив и повысило уровень стратегического мышления топ-менеджеров, что способствовало более эффективному управлению цифровыми трансформациями и инновациями."
8,Сбер («Передовые инженерные школы»),"##Задача

В рамках федеральной программы возникла потребность в обучении инженерных и управленческих команд навыкам системного мышления и цифрового стратегирования.

Особое внимание требовалось уделить платформенному подходу и созданию масштабируемых бизнес-моделей, адаптированных под характеристики традиционного корпоративного сектора.

##Решение

Наша команда экспертов провела образовательное выступление и двухдневный практический модуль на кампусе корпоративного университета организации.

Основные темы:

- Основы платформенного мышления и экосистемного подхода в бизнесе.

- Применение методологии Platform Innovation Kit для построения масштабируемых платформенных бизнес-моделей.

- Практические кейсы и примеры реализации платформенных стратегий в условиях крупных традиционных корпораций.

##Результат

Участники получили прикладные знания, расширили представление о влиянии платформ на развитие высокотехнологичного бизнеса и освоили инструменты для внедрения платформенного дизайна в своих проектах.

Модуль стал ключевым элементом образовательной программы по цифровой трансформации и платформенному стратегированию."
9,Сбер (DTaaS),"##Задача

Подразделение цифровой трансформации крупной финансовой организации сформировало задачу развития внутренней экспертизы по платформенной экономике и экосистемным моделям.

Необходимы были практические навыки проектирования бизнес-моделей, анализ и формулирование платформенных гипотез, а также разбор реальных кейсов цифровой трансформации.

##Решение

Мы разработали, организовали и провели обучение, которое включало:

- Разработку методических и презентационных материалов по ключевым темам платформенного мышления.

- Проведение практикума по построению платформенных бизнес-моделей и формированию сетевых эффектов.

- Модерацию и разбор тематических кейсов, адаптированных под задачи подразделения.

- Сопровождение и поддержку участников на протяжении всего курса в дистанционном формате с полной синхронизацией.

Этот модуль стал частью внутренней образовательной программы по развитию компетенций цифровой трансформации.

##Результат

Участники освоили структурированное понимание платформенной логики, научились выявлять, оценивать и проектировать платформенные гипотезы и экосистемные решения.

Полученные знания и инструменты позволили команде более эффективно поддерживать цифровую трансформацию бизнесов клиентов."
10,Сколково,"##Задача

В рамках программы подготовки управленческих команд к цифровой трансформации и освоению экосистемного подхода требовалось провести прикладной образовательный модуль.

Цель — познакомить участников со структурированными методами бизнес-моделирования, а также базовыми принципами экосистемного мышления, чтобы они могли системно анализировать и переосмыслять свои бизнес-модели.

##Решение

Мы провели очную обучающую сессию в кампусе бизнес-школы, которая включала:

Экспертное выступление Алексея Ерёмина на тему «Введение в бизнес-моделирование и экосистемное мышление», раскрывающее отличия линейных и платформенных моделей и основы платформенной экономики.

Практический воркшоп с групповыми заданиями, направленный на проработку бизнес-кейсов и формирование прототипов экосистемных моделей с использованием визуальных инструментов методологии Platform Innovation Kit (PIK).

Сессия сочетала теоретическую часть и интенсивную практику, обеспечивая участникам необходимые методологические рамки и компетенции.

##Результат

Модуль Rocketmind стал важной составляющей образовательной программы. Команды вышли с воркшопа с готовыми картами бизнес-моделей, набором гипотез для развития и новым навыком — смотреть на свою организацию через призму экосистемного мышления.

Это дало основу для запуска конкретных проектов цифровой трансформации."
11,Х5,"##Задача
Российскому ритейлеру понадобилась содержательная аналитическая поддержка стратегической сессии. Задача аналитической группы заключалась в обработке и систематизации данных двух опросов сотрудников, выявлении ключевых инсайтов, в подготовке разносторонней фактуры по рынку и трендам LegalTech.

Требовалось создать информационную базу, которая обеспечит эффективное обсуждение и принятие решений на сессии.

##Решение
В сжатые сроки команда Rocketmind применила авторские методики и инструменты искусственного интеллекта для анализа большого объёма данных:

- Обработали информацию от 60 респондентов двух опросов, выделив основные кластеры проблем, идей и ожиданий сотрудников.

- Подготовили карту культуры корпоративной атмосферы на основе анонимного опроса, включая SWOT-анализ, облако ключевых слов и канвасы для дальнейшей работы.

- Систематизировали инициативы по тематикам и ответственным подразделениям, сформировав «сетки инициатив» и тепловые карты ключевых болей юридического блока.

- Провели исследование мирового и российского рынков LegalTech, включающее анализ технологических, экономических, социокультурных и нормативных трендов, а также обзор главных игроков и проблем отрасли.

- Результаты анализа легли в основу материалов для групповой работы и дискуссий на стратегической сессии.

##Результат
Аналитическая группа Rocketmind обеспечила заказчику комплексную и структурированную фактуру, ставшую содержательной базой для продуктивной стратегической сессии юридического блока.

Ключевыми итогами стали:

- Выявление значимых инсайтов и эмоциональных маркеров отношения сотрудников к изменениям и юридической функции.

- Подборка цитат, отражающих внутренние настроения и восприятие преобразований.

- Анализ стиля взаимодействия, уровней доверия и точек напряжения внутри подразделения.

- Создание SWOT-карты корпоративной культуры и канвасов инициатив, позволяющих эффективно фокусировать усилия.

- Формирование структурированной сетки инициатив с разделением на категории по срокам и сложности реализации (Quick Wins, стратегические инициативы, доработки), что помогло приоритизировать действия.

Исследование рынка LegalTech дало глубокое понимание динамики отрасли и её перспектив и стало основой для дальнейшей трансформации и развития юридической функции заказчика."
12,Тинькофф групп,"
##Задача
Компания, работающая в сфере трансграничных переводов, стояла перед необходимостью переосмысления своей роли на рынке и перехода к платформенной бизнес-модели.

Нужно было выработать единое понимание целевого позиционирования, согласовать стратегии развития и определить ключевые этапы трансформации в рамках дорожной карты.

##Решение
Мы провели стратегическую сессию с использованием методологии Platform Innovation Kit (PIK).

В подготовительный этап включили:

- Адаптацию фреймворка под специфику трансграничных финансовых сервисов.
- Анализ экосистемного окружения и определение ролей участников платформы.
- Формирование гипотез ценности для разных сегментов пользователей.
- Проектирование ключевых элементов бизнес-модели и сценариев масштабирования.

В ходе сессии участники команды:

- Обсудили целевое позиционирование и стратегические ориентиры платформы.
- Визуализировали экосистему и взаимодействия основных участников.
- Сформировали первую версию дорожной карты с приоритетами и этапами реализации.

##Результат
Наш клиент получил концептуальное и согласованное видение развития платформы на базе глубокого понимания рыночных и пользовательских аспектов.

Дорожная карта стала ориентиром трансформации: задала приоритеты, порядок действий и основу для стратегических проектов."
13,Финтех старап,"##Задача
Финтех-стартап с численностью сотрудников более 1000 человек нуждался в создании целостной экосистемной стратегии.

Для этого требовались методологическая база и аналитические данные, поддерживающие принятие обоснованных решений о развитии.

##Решение
На базе Platform Innovation Kit мы обеспечили полный цикл сопровождения — обучение, консультации, исследование и разработку стратегической документации.

Такой подход позволил объединить обучение, консультации и исследование в единую логику. Воркшопы помогли команде быстро освоить инструменты, консультации — адаптировать их под конкретные задачи, исследовательская работа — выявить скрытые возможности, а итоговая стратегическая документация закрепила решения и задала направление дальнейшей трансформации.

##Результат
Команда стартапа получила согласованную, наглядную экосистемную стратегию как фундамент для управленческих решений и роста бизнеса."
14,Индустриальный холдинг,"##Задача
Крупный холдинг с 5 000+ сотрудников столкнулся с ключевыми вызовами: разрозненное стратегическое видение продуктовых команд, необходимость оценки культурной зрелости и цифровой готовности, а также выработка нового позиционирования для ребрендинга, способного объединить бизнес и усилить бренд на рынке.

##Решение
Для решения задач была организована стратегическая сессия, в ходе которой:

- провели анализ продуктовых направлений и согласовали их сильные и слабые стороны

- выявили внутренние барьеры, препятствующие эффективной координации и развитию цифровых инициатив

- сформировали рамку корпоративного бренда, отражающую новые ценности и позиционирование корпорации, и согласовали новый подход к брендингу

- определили ключевые зоны для цифровизации и разработали приоритетные шаги по трансформации бизнеса

Такой подход обеспечил комплексное видение и объединил заинтересованные стороны вокруг общей стратегической повестки.

##Результат
Заказчик получил согласованное корпоративное позиционирование, чёткую карту продуктового портфеля и определённые приоритеты цифровой трансформации.

Эти результаты стали основой для активных шагов по ребрендингу, выстраиванию общей цифровой повестки и повышению конкурентоспособности холдинга на рынке."
15,Государственная корпорация,"##Задача
Корпорация с 10 000+ сотрудников столкнулась с ключевыми вызовами: внутренние сервисы утратили ясную роль, продуктовый портфель требовал уточнения и расстановки приоритетов, а отсутствие экосистемного подхода снижало стратегическую согласованность.

Всё это мешало бизнесу адаптироваться к новым требованиям и выстраивать качественное взаимодействие с внутренними заказчиками.

##Решение
Мы провели практико-ориентированный тренинг, в ходе которого:

- сформировали структуру внутренней продуктовой экосистемы с учётом бизнес-приоритетов

- приоритизировали портфель внутренних сервисов с фокусом на ценность для пользователей и критерии влияния на бизнес

- разработали ценностные предложения для ключевых продуктов и сервисов

- определили зоны роста и гипотезы развития внутреннего сервиса

Акцент был сделан на вовлечение участников в совместную работу и создание инструментов для эффективного управления внутренними заказами.

##Результат
В результате заказчик получил единую модель внутреннего продуктового портфеля как основу для выстраивания согласованной работы с внутренними заказчиками.

Были созданы инструменты и методологии, обеспечивающие эффективное взаимодействие и развитие сервисов в соответствии с меняющимися бизнес-требованиями."
16,Российская государственная библиотека,"##Задача
Одна из крупнейших библиотек мира поставила задачу изучить ключевые тренды развития отрасли и улучшить клиентский опыт, чтобы актуализировать продуктовый портфель и оставаться востребованной среди разнообразных групп пользователей.

Фокус проекта — понять потребности и ограничения разных сегментов аудитории и через прямой диалог сотрудников библиотеки с читателями выработать гипотезы, которые позже легли в основу новой сервисной модели.

##Решение
Мы провели масштабную аналитическую и исследовательскую работу:

- Провели кабинетное исследование рыночных, отраслевых, макроэкономических факторов и технологических, законодательных, социокультурных трендов, влияющих на библиотечную индустрию.

- Изучили международный опыт развития и модернизации библиотек в шести странах (США, Великобритания, Германия, Финляндия, Сингапур, Малайзия).

- Провели 400 проблемных интервью с представителями разных групп пользователей, что позволило сформировать гипотезы по сегментации аудитории, определить их ожидания, потребности и точки боли.

- Разработали карты клиентского опыта на примере ведущих библиотек (Нью-Йорк, Милан, Москва) с визуализацией ключевых взаимодействий и возможностей улучшения.

- Сотрудники библиотеки были вовлечены в работу по формированию ценностных предложений и гипотез новых продуктов и услуг, что обеспечило практическую ориентированность стратегии.

##Результат
Результаты исследования и сегментации стали прочной основой для формирования долгосрочной стратегии развития библиотеки, нацеленной на трансформацию в современный культурный и образовательный центр мирового уровня:

- Определены ключевые тренды и вызовы индустрии, перспективные инновации и стартапы с потенциалом модернизации.

- Сформировано глубокое понимание многообразия аудитории и её уникальных потребностей, обоснованы новые сегменты для таргетированного развития сервисов.

- Созданы новые ценностные предложения и бизнес-модель, направленные на повышение релевантности и качества услуг.

- Выработана стратегия укрепления позиции библиотеки как общественного института, способствующего интеллектуальному и творческому развитию сообщества.

- Проект обеспечил основу для повышения спроса на библиотечные услуги и организацию мероприятий, соответствующих ожиданиям современного пользователя."
17,Девелопер Джи-групп,"##Задача
Крупная девелоперская компания обратилась с запросом повысить эффективность работы внутренних подразделений и усилить ценность данных, а также выйти на новые рыночные ниши в сегменте B2B.

Основной задачей стала систематизация и структурирование актуальной информации о рыночных, потребительских и бизнес-трендах в сфере B2B-девелопмента для формирования базы принятия решений и повышения эффективности бизнес-процессов компании.

##Решение
Провели масштабную аналитическую работу по следующим направлениям:

- Исследование современного состояния и перспектив развития рынка B2B-девелопмента в России и мире, включая драйверы роста и основные болевые точки.

- Анализ продуктовых портфелей и стратегий 11 ключевых конкурентов на глобальном и российском рынках для выявления лучших практик и конкурентных преимуществ.

- Изучение технологических трендов, законодательных и социокультурных факторов, влияющих на развитие экосистем и инновационных решений в девелопменте.

- Оценка глобальных вызовов и рисков, которые могут влиять на отрасль и бизнес-модели.

- 20 глубинных интервью с двумя целевыми группами — внутренними и внешними заказчиками — с разработкой анкеты, организацией интервью и постобработкой аудио- и текстовых материалов.

- Помогли команде клиента выделить сегменты целевой аудитории с анализом их ключевых проблем, потребностей и задач.

- Разработали методические рекомендации и провели обучение команды заказчика проведению глубинных интервью.

- Сформировали базу артефактов, подготовили структурированные отчеты, стратегические канвасы и фреймворки, чтобы обозначить ключевые направления развития и приоритеты.

- Обеспечили сопровождение через презентации результатов для руководства, прозрачность процессов и оперативную приоритизацию идей на основе обратной связи.

##Результат
Заказчик получил:

- Комплексный и системный анализ драйверов, трендов и перспектив развития российского и мирового рынка B2B-девелопмента.

- Детальный обзор продуктовых портфелей и стратегических приоритетов ведущих игроков отрасли, а также более чем 113 инструментов и ИТ-решений для оптимизации бизнес-процессов.

- Глубокое понимание сегментов целевой аудитории, выявленных совместно с командой клиента, включая детальный анализ более 600 источников информации.

- Качественную аналитическую базу с ценными инсайтами, полученными из глубинных интервью, которые легли в основу стратегического планирования.

- Обучение сотрудников заказчика методам проведения качественных интервью и все материалы для самостоятельного использования в будущих исследованиях.

- Чёткие стратегические канвасы и фреймворки, определившие основные направления развития компании и способствующие выходу на новые рыночные ниши.

- Постоянное взаимодействие и прозрачность на всех этапах проекта благодаря своевременным отчётам и презентациям для руководства."
18,Девелопер ???,"##Задача
Компания поставила цель занять лидирующие позиции на текущих рынках и войти в тройку лидеров в новых сегментах.

Параллельно нужно было улучшить качество сервиса и показатели операционной эффективности, обеспечив устойчивое конкурентное преимущество и положительную динамику ключевых финансовых метрик — EBITDA и чистой прибыли.

##Решение
В рамках проекта была проведена установочная стратегическая сессия с руководством и экспертами заказчика, в ходе которой:

- Систематизировали и структурировали знания о контексте и особенностях текущей бизнес-модели.

- Проанализировали её эволюцию в ретроспективе, выявили сильные и слабые стороны.

- Оценили потенциал модели для масштабирования и развития на новых рынках.

С- формулировали ключевые гипотезы для создания новой бизнес-модели или платформы, способствующей росту и повышению конкурентоспособности.

- Заполнили ключевые канвасы методологии Platform Innovation Kit для визуализации и детализации дальнейших шагов.

##Результат
Заказчик получил комплексный стратегический план с конкретными действиями по выходу на новые рынки, улучшению качества сервисов и повышению операционной эффективности бизнес-модели.

Это позволило компании укрепить свои позиции на рынке строительства умных офисов и коворкингов, а также двигаться к запланированным финансовым и рыночным целям."
19,Артгрупп,"##Задача
Клиент хотел определить ключевые перспективные направления развития на горизонте 3–5 лет с фокусом на практиках zero-waste и устойчивого дизайна (sustainable). 

Цель — структурировать актуальные мировые и локальные рыночные, потребительские и бизнес-тренды, влияющие на развитие отрасли и конкурентные позиции компании.

В исследование важно было включить анализ глобального рынка агентств и производителей предметов интерьера, ориентированных на устойчивые решения, а также изучение спроса среди частных и корпоративных клиентов из различных сегментов (офисы, медицина, образование, HoReCa).

##Решение
Проект включал комплексный контент-анализ более 200 открытых источников — отраслевых отчетов, публикаций СМИ и аналитических данных.

Основные направления работы:

- Изучение особенностей zero-waste и устойчивого дизайна, включая использование перерабатываемых и биодеградируемых материалов, минимизацию отходов и экосистемное мышление.

- Анализ текущего состояния рынка, драйверов роста и ключевых точек напряжения, влияющих на развитие индустрии устойчивого дизайна интерьеров.

- Детальный разбор бизнес-моделей, сервисов, партнерских экосистем и репутационных аспектов ТОП‑15 мировых игроков — дизайнерских агентств, маркетплейсов и производителей с устойчивым позиционированием.

- Исследование потребностей и болевых точек конечных клиентов — частных заказчиков и корпоративных сегментов, включая офисы, медицину, образование и HoReCa.

- Выявление более 40 ключевых технологических, социокультурных и макроэкономических трендов, включая влияние пандемии на потребительское поведение, развитие smart-инфраструктуры и усиление экологической ответственности.

- Подготовка дополнительных материалов: краткой справки по направлениям стратегического развития, аналитического дайджеста с выводами, а также справки по возможностям фандрайзинга в РФ для устойчивых проектов.

##Результат
Результаты исследования легли в основу стратегического планирования компании и обеспечили:

- Целостное понимание динамики развития индустрии устойчивого дизайна интерьера и логики формирования новых трендов.

- Выявление перспективных рыночных ниш и бизнес-моделей для конкурентного роста и укрепления позиций компании.

- Глубокое понимание актуальных потребностей целевой аудитории различных сегментов, что помогло адаптировать продуктовые и коммуникационные стратегии.

- Обозначение более 10 конкретных векторов стратегического развития, сгруппированных по категориям услуг и инициатив.

Эти результаты сформировали прочную основу для дальнейших управленческих решений."
20,БиоЭнерго,"""##Задача
Российская компания обратилась с запросом на цифровую трансформацию для повышения собственной инвестиционной привлекательности.

В наши задачи входил анализ мировой и российской отрасли альтернативной энергетики, изучение лучших мировых практик цифровизации компаний данного сектора, чтобы выявить ключевые возможности и точки роста.

##Решение
Было проведено комплексное аналитическое исследование, включавшее:

- Обзор ключевых игроков отрасли альтернативной энергетики в России и в мире.

-Анализ рыночных и технологических трендов, влияющих на развитие отрасли.

-Изучение глобальных практик цифровизации: автоматизация генерации, использование Интернета вещей (IoT) и платформенных решений.

-Анализ бизнес-моделей перспективных стартапов в сфере альтернативной энергетики.

-Детальное сравнение стратегий цифровой трансформации ведущих энергетических компаний.

-Выявление точек соприкосновения между традиционной и альтернативной энергетикой, включая возможности партнерств, слияний и поглощений (M&A) и совместного внедрения технологий.

Исследование базировалось на открытых источниках и специализированной отраслевой аналитике, что обеспечило глубокое и объективное понимание текущих процессов и перспектив отрасли.

##Результат
Детальный анализ мировой и российской отрасли альтернативной энергетики дал команде клиента:

-Оценку особенностей, современного состояния и ключевых болевых точек отрасли.

-Представление данных по объёму и динамике рынка, драйверам роста и перспективам развития.

-Понимание возможности развития распределённой энергетики в мире и в России.

-Понимание взаимодействия компаний традиционной и альтернативной энергетики, включая партнёрства и M&A.

-Выводы по ключевым стартапам и их вкладу в модернизацию отрасли.

-Обзор стратегических приоритетов ТОП‑10 игроков (на мировом и российском уровне) с фокусом на цифровые технологии.

-Понимание технологических, законодательных и социокультурных трендов, влияющих на развитие отрасли.

-Обзор макроэкономических факторов, влияющих на сектор.

-Список из 45 M&A-сделок в отрасли альтернативной энергетики.

-Понимание стратегий ТОП‑5 российских энергетических компаний по развитию альтернативной энергетики и цифровой трансформации.

Эти данные сформировали прочную аналитическую базу, которая позволила заказчику определить перспективные рыночные ниши, сформировать образ компании как цифрового и устойчивого лидера в энергетической отрасли, а также повысить качество коммуникаций с инвесторами и партнёрами."""
21,HR-платформа,"##Задача
Клиент обратился с задачей разработать концепцию и стратегию HR-платформы.

Нужно было определить функциональную структуру проекта, провести сегментацию аудитории и подготовить презентационные материалы для дальнейшей реализации и продвижения платформы.

##Решение
Команда Rocketmind провела серию бизнес-дизайн сессий, включавших:

- Совместный анализ существующей бизнес-среды и потребностей рынка.

- Сегментацию целевой аудитории для выявления ключевых групп пользователей и их задач.

- Формирование ценностных предложений, отражающих основные потребности клиентов.

- Выработку продуктовых гипотез, направленных на решение выявленных проблем и расширение возможностей платформы.

- Интеграцию всех разработок в единый платформенный канвас, визуализирующий взаимосвязи и логику бизнес-модели.

- Подготовку комплексного финального документа и презентационных материалов, отражающих концепцию и стратегию платформы.

##Результат
Команда клиента получила чёткое и структурированное понимание оптимальных направлений развития HR-платформы с учётом общей стратегии и рисков. Были сформированы конкретные сервисы и решения, способствующие эффективной организации работы гибких команд.

В рамках проекта клиент смог:

- Структурировать бизнес-процессы и распределить компетенции.

- Выявить и закрыть пробелы в знаниях и ресурсах.

- Разработать цифровую платформу для поддержки реализации бизнес-проектов в гибких командах.

Финальный продукт — цифровая платформа с порталом и мобильным приложением, дополнительно поддерживаемая офлайн‑мероприятиями для нетворкинга и профессионального развития участников.

Это позволило заказчику повысить эффективность командной работы и создать экосистему для непрерывного роста и сотрудничества внутри организации."
22,ГазпромБанк,"##Задача
Российский банк поставил задачу повысить качество клиентского опыта при оформлении ипотеки. Для этого требовалось выявить ключевые барьеры и проблемные точки в подаче документов и заключении сделок — как в собственных каналах, так и у партнёров, чтобы сократить количество отказов и повысить удобство для клиентов.

##Решение
Команда Rocketmind разработала 10 детализированных карт клиентского пути, охватывающих ключевые этапы подачи заявок и оформления документов во всех каналах обслуживания.

Для сбора репрезентативных данных были организованы рекрутинг и опросы респондентов. Сравнительный анализ сценариев взаимодействия позволил выявить главные барьеры и точки напряжения в клиентском опыте.

##Результат
Банк получил детальный аналитический отчёт с конкретными рекомендациями по оптимизации клиентского пути. Их внедрение снизило количество отказов по ипотечным заявкам, повысило удовлетворённость клиентов и обеспечило рост ключевых бизнес-метрик.

Новый подход укрепил лояльность клиентов и позволил банку занять более сильные позиции на рынке ипотечного кредитования."
23,AI-команды банка (Сбер),"##Задача
AI-разработчики банка испытывали дефицит свежих гипотез для развития платформенной бизнес-модели: старые идеи исчерпали потенциал, а новые не складывались в системный подход.

Важно было определить перспективные направления развития платформы и усилить процессы инновационного проектирования.

##Решение
Специалисты Rocketmind провели воркшоп с использованием визуальных инструментов из набора Platform Innovation Kit, в ходе которого:

- Совместно с командой создали и подробно описали несколько новых гипотез платформенных бизнес-моделей.

- Рассмотрели альтернативные подходы к развитию платформы, оценили возможности для внедрения инноваций и масштабирования.

- Использовали интерактивные форматы и визуализации для активного вовлечения участников и выработки свежих бизнес-идей.

##Результат
Команда клиента получила новые, проработанные гипотезы, направленные на развитие платформенных бизнес-моделей и совершенствование процессов инновационного проектирования.

Это заложило основу для дальнейшей работы над платформой и повысило эффективность командной разработки инновационных решений."
24,Хоккейный клуб Авангард,"##Задача
Команда хоккейного клуба КХЛ стремилась уточнить видение существующего портфеля бизнес-моделей, выявить основные точки роста и определить новые направления развития.

Целью было укрепить позиции клуба на рынке и повысить устойчивость бизнеса в меняющихся условиях.

##Решение
В течение двухдневной стратегической сессии специалисты Rocketmind поддержали команду клуба в следующих активностях:

- Провели глубокий анализ текущих бизнес-моделей, оценив их эффективность и потенциал.

- Совместно сформировали и описали новые гипотезы для расширения и усиления портфеля бизнес-моделей.

- Определили перспективные направления роста, учитывая внутренние возможности и внешние рыночные тренды.

- Особое внимание уделили развитию и укреплению инновационной культуры внутри команды, создали условия для поддержки и внедрения новых идей.

- Методология и инструменты сессии позволили объединить участников вокруг общих целей и акцентировать внимание на ключевых приоритетах.

##Результат
Клиент получил обновлённое и согласованное стратегическое видение бизнеса, которое позволило чётко понять существующие возможности и направления для роста.

Усиление инновационной культуры стало фундаментом для постоянного развития и адаптации клуба в условиях конкурентной среды."
25,Компания химической промышленности,"##Задача
Промышленная компания обратилась с задачей создать и описать эффективную бизнес-модель для внутреннего стартапа, направленного на развитие новых направлений деятельности.

Требовалось сформировать чёткую и комплексную модель, которая обеспечит успешное внедрение и масштабирование инновационного бизнеса внутри компании.

##Решение
Специалисты Rocketmind помогли команде клиента выстроить целостную бизнес-модель внутреннего стартапа.

Были систематизированы ключевые элементы — от ценностных предложений и сегментов аудитории до каналов взаимодействия и форматов монетизации. Благодаря совместным сессиям и глубокому анализу текущих бизнес-потребностей команда получила структурированную основу для принятия решений и ускорения запуска продукта.

##Результат
Благодаря проработанной бизнес-модели и дорожной карте внедрения компания смогла быстро запустить новое направление.

Стартап получил ясную структуру процессов, фокус на ключевых факторах роста и значительно больше шансов на долгосрочный успех."
26,Экспортная компания,"##Задача
К нам обратились, чтобы определить сегменты экспортёров и их потребности для доработки или создания новых продуктов и услуг. Важным аспектом работы стало вовлечение команды клиента в исследование.

Следующим этапом важно было оптимизировать продуктовую линейку и разработать ценностные предложения. Кроме того, требовалось обучить сотрудников методам бизнес-дизайна для повышения внутренней самостоятельности и эффективности.

##Решение
Команда Rocketmind обеспечила заказчику полный цикл поддержки — от глубокого исследования до обучения и формирования внутренних компетенций.

- Мы провели 50 проблемных интервью, чтобы выявить реальные задачи, выгоды и болевые точки клиентов.

- Совместно с командой заказчика сформировали гипотезы по сегментам аудитории и разработали карты клиентского пути, что дало бизнесу новый взгляд на клиентов.

- Подготовили итоговый аналитический документ с конкретными рекомендациями по оптимизации продуктовой линейки и улучшению клиентского опыта.

- На серии дизайн-сессий создали 8 продуктовых гипотез, оформили их в наглядные визуализации на онлайн-доске.

- Обучили сотрудников современным методам бизнес-дизайна, чтобы они могли самостоятельно генерировать и адаптировать продуктовые решения под рынок.

##Результат
Заказчик получил чёткую и обоснованную сегментацию целевой аудитории для оптимизации продуктовой линейки и улучшения коммуникаций с клиентами.

- Созданные продуктовые гипотезы и визуализации стали базой для успешного внедрения новых решений.

- Команда клиента освоила методы бизнес-дизайна, что значительно повысило её способность самостоятельно проводить исследования и адаптировать продукты под изменяющиеся условия рынка."